13
13
2 1 5
3 1 5
11 1 1
12 1 0
3 2 5
5 2 2
9 2 1
11 2 5
4 4 1
7 4 5
10 4 2
1 5 1
5 5 5
9 5 1
13 5 5
1 6 5
6 6 5
8 6 1
13 6 5
3 7 1
4 7 5
10 7 5
11 7 0
1 8 5
6 8 5
8 8 1
13 8 2
1 9 5
5 9 3
9 9 5
13 9 5
4 10 2
7 10 0
10 10 3
3 12 5
5 12 1
9 12 3
11 12 5
2 13 2
3 13 5
11 13 5
12 13 5
126	-17	-4.0
1 1
4 1
7 2
10 2
13 2
8 3
1 4
5 4
9 4
11 4
4 5
4 6
7 6
10 6
1 7
9 7
13 7
3 8
5 8
12 8
4 9
8 9
10 9
2 10
5 10
11 10
6 11
9 11
10 11
13 11
2 12
4 12
7 12
8 12
10 12
1 13
6 13
126	-14	-5.0
5 1
6 2
10 2
13 2
4 3
8 3
1 4
5 4
9 4
11 4
4 5
4 6
7 6
10 6
1 7
9 7
13 7
3 8
5 8
12 8
4 9
8 9
10 9
2 10
5 10
11 10
6 11
13 11
2 12
4 12
7 12
8 12
10 12
1 13
6 13
125	-18	-3.0
5 1
7 2
10 2
13 2
8 3
1 4
5 4
9 4
11 4
13 4
4 5
4 6
7 6
10 6
1 7
9 7
13 7
3 8
5 8
12 8
4 9
8 9
10 9
2 10
5 10
11 10
6 11
9 11
10 11
13 11
2 12
4 12
7 12
8 12
10 12
1 13
6 13
124	-15	-3.0
5 1
6 2
7 2
10 2
13 2
8 3
1 4
9 4
11 4
4 5
6 5
4 6
7 6
10 6
1 7
9 7
13 7
3 8
5 8
12 8
4 9
8 9
10 9
2 10
5 10
11 10
6 11
13 11
2 12
4 12
7 12
8 12
10 12
1 13
6 13
127	-18	-6.0
5 1
6 2
10 2
13 2
4 3
8 3
1 4
5 4
9 4
11 4
3 5
4 5
4 6
7 6
10 6
1 7
5 7
9 7
13 7
3 8
12 8
4 9
8 9
10 9
2 10
5 10
11 10
6 11
9 11
13 11
2 12
4 12
6 12
7 12
8 12
10 12
13 12
1 13
6 13
123	-10	-6.0
5 1
7 2
10 2
13 2
8 3
1 4
5 4
9 4
11 4
4 5
6 5
7 6
10 6
1 7
9 7
3 8
5 8
12 8
4 9
8 9
10 9
2 10
5 10
11 10
6 11
13 11
2 12
4 12
7 12
8 12
10 12
1 13
6 13
127	-23	-4.0
5 1
6 2
10 2
13 2
4 3
6 3
8 3
1 4
5 4
9 4
11 4
3 5
4 5
4 6
7 6
10 6
1 7
7 7
9 7
13 7
3 8
5 8
12 8
4 9
8 9
10 9
2 10
5 10
11 10
5 11
9 11
10 11
13 11
2 12
4 12
7 12
8 12
10 12
1 13
6 13
124	-11	-4.0
5 1
7 2
10 2
13 2
8 3
1 4
9 4
11 4
4 5
6 5
4 6
7 6
10 6
1 7
9 7
13 7
3 8
5 8
12 8
4 9
8 9
10 9
2 10
5 10
11 10
6 11
13 11
2 12
4 12
8 12
10 12
1 13
6 13
