13
13
2 1 5
3 1 5
11 1 1
12 1 0
3 2 5
5 2 2
9 2 1
11 2 5
4 4 1
7 4 5
10 4 2
1 5 1
5 5 5
9 5 1
13 5 5
1 6 5
6 6 5
8 6 1
13 6 5
3 7 1
4 7 5
10 7 5
11 7 0
1 8 5
6 8 5
8 8 1
13 8 2
1 9 5
5 9 3
9 9 5
13 9 5
4 10 2
7 10 0
10 10 3
3 12 5
5 12 1
9 12 3
11 12 5
2 13 2
3 13 5
11 13 5
12 13 5
117	-10	-11.0	-24
5 1
8 2
2 3
1 4
6 4
11 4
3 5
4 5
10 5
7 7
13 7
3 8
5 8
12 8
3 9
10 9
1 10
2 10
4 11
6 12
8 12
10 12
13 12
9 13
79	0	-18.0	-9
5 1
8 2
4 3
11 4
2 5
8 7
12 8
4 11
6 12
80	0	-22.0	-8
8 1
6 3
11 4
2 5
8 7
3 8
12 11
9 13
18	0	-25.0	-2
2 5
8 7
84	0	-20.0	-9
8 1
6 3
11 4
2 5
8 7
12 8
4 11
6 12
9 13
54	0	-20.0	-6
4 3
9 4
2 5
8 7
4 11
8 12
122	-20	-15.0	-30
8 1
13 2
2 3
9 3
12 3
1 4
2 4
6 4
11 4
4 5
4 6
9 6
1 7
7 7
13 7
2 8
4 8
10 8
4 9
6 9
7 9
2 10
6 10
9 10
11 10
13 10
1 11
4 11
6 12
9 13
28	0	-26.0	-2
8 7
12 11
74	0	-19.0	-8
5 1
10 3
11 4
2 5
8 7
12 8
4 11
6 12
104	-2	-13.0	-16
5 1
8 2
4 3
10 3
6 4
11 4
2 5
9 6
7 7
3 8
12 8
9 10
11 10
4 11
6 12
9 13
75	0	-23.0	-7
8 1
6 3
11 4
2 5
8 7
12 11
9 13
75	0	-23.0	-7
8 1
6 3
11 4
2 5
8 7
12 11
9 13
111	-2	-14.0	-19
8 1
12 2
6 3
1 4
11 4
4 5
9 6
7 7
3 8
12 8
10 9
2 10
5 10
9 10
11 10
4 11
6 12
13 12
9 13
102	-12	-8.0	-22
5 1
8 2
6 3
11 4
2 5
4 5
9 6
3 8
7 8
4 9
6 9
10 9
2 10
9 10
11 10
13 10
1 11
4 11
9 11
6 12
1 13
9 13
28	0	-26.0	-2
8 7
12 11
51	0	-25.0	-4
8 1
2 5
8 7
12 11
99	-2	-15.0	-14
8 2
4 3
10 3
6 4
11 4
2 5
9 6
7 7
3 8
12 8
4 11
6 12
1 13
9 13
107	-2	-12.0	-18
5 1
8 2
4 3
10 3
6 4
11 4
2 5
9 6
7 7
3 8
12 8
9 10
11 10
4 11
6 12
10 12
13 12
9 13
68	0	-23.0	-6
5 1
8 2
2 3
8 7
12 11
9 13
113	-4	-13.0	-22
1 1
4 1
8 2
12 2
6 3
11 4
4 5
5 6
9 6
6 7
13 7
3 8
4 9
6 9
10 9
2 10
9 10
11 10
13 10
4 11
6 12
9 13
84	0	-17.0	-10
5 1
8 2
4 3
11 4
2 5
8 7
12 8
4 11
6 12
9 13
75	0	-23.0	-7
8 1
6 3
11 4
2 5
8 7
12 11
9 13
95	0	-16.0	-13
8 1
6 3
11 4
2 5
8 7
12 8
3 10
9 10
11 10
4 11
6 12
1 13
9 13
103	-2	-12.0	-17
5 1
8 2
4 3
11 4
2 5
7 7
3 8
12 8
10 9
2 10
5 10
9 10
11 10
4 11
6 12
1 13
9 13
75	0	-23.0	-7
8 1
6 3
11 4
2 5
8 7
12 11
9 13
23	0	-28.0	-1
12 11
106	-9	-7.0	-25
10 1
6 2
13 2
2 3
5 3
8 4
11 4
4 5
10 5
7 6
2 7
6 7
13 7
2 8
10 8
4 9
6 9
10 9
2 10
5 10
9 10
11 10
6 12
1 13
9 13
114	-12	-7.0	-27
5 1
10 1
6 2
7 2
13 2
2 3
1 4
11 4
4 5
10 5
7 6
2 7
6 7
13 7
2 8
10 8
4 9
6 9
10 9
2 10
5 10
9 10
11 10
4 11
6 12
1 13
9 13
53	0	-26.0	-4
8 1
6 3
8 7
12 11
110	-4	-9.0	-21
5 1
8 2
4 3
10 3
6 4
11 4
2 5
9 6
7 7
3 8
12 8
10 9
2 10
5 10
9 10
11 10
4 11
6 12
10 12
13 12
9 13
106	-9	-7.0	-25
10 1
6 2
13 2
2 3
5 3
8 4
11 4
4 5
10 5
7 6
2 7
6 7
13 7
2 8
10 8
4 9
6 9
10 9
2 10
5 10
9 10
11 10
6 12
1 13
9 13
28	0	-26.0	-2
8 7
12 11
115	-9	-10.0	-24
5 1
8 2
2 3
1 4
6 4
11 4
3 5
4 5
10 5
7 7
13 7
3 8
5 8
12 8
3 9
10 9
1 10
2 10
9 10
11 10
4 11
6 12
1 13
9 13
80	0	-22.0	-8
8 1
6 3
11 4
2 5
8 7
12 11
6 12
9 13
87	0	-21.0	-10
8 1
6 3
11 4
2 5
8 7
12 8
8 9
4 11
6 12
9 13
75	0	-23.0	-7
8 1
6 3
11 4
2 5
8 7
12 11
9 13
108	-4	-13.0	-18
1 1
5 1
8 2
4 3
10 3
6 4
11 4
2 5
9 6
5 7
7 7
3 8
12 8
9 10
11 10
4 11
6 12
9 13
75	0	-23.0	-7
8 1
6 3
11 4
2 5
8 7
12 11
9 13
75	0	-23.0	-7
8 1
6 3
11 4
2 5
8 7
12 11
9 13
82	0	-19.0	-9
8 1
4 3
11 4
2 5
8 7
12 8
4 11
6 12
9 13
112	-5	-9.0	-22
5 1
8 2
4 3
10 3
6 4
11 4
2 5
3 5
9 6
7 7
3 8
12 8
10 9
2 10
5 10
9 10
11 10
4 11
6 12
10 12
13 12
9 13
84	0	-17.0	-10
5 1
8 2
4 3
11 4
2 5
8 7
12 8
4 11
6 12
9 13
61	0	-24.0	-5
5 1
8 2
2 3
8 7
12 11
84	0	-17.0	-10
5 1
8 2
4 3
11 4
2 5
8 7
12 8
4 11
6 12
9 13
75	0	-20.0	-8
5 1
8 2
4 3
11 4
2 5
8 7
12 11
9 13
91	-2	-17.0	-12
4 3
10 3
6 4
11 4
2 5
9 6
7 7
3 8
12 8
4 11
6 12
9 13
84	0	-17.0	-10
5 1
8 2
4 3
11 4
2 5
8 7
12 8
4 11
6 12
9 13
102	-12	-8.0	-22
5 1
8 2
6 3
11 4
2 5
4 5
9 6
3 8
7 8
4 9
6 9
10 9
2 10
9 10
11 10
13 10
1 11
4 11
9 11
6 12
1 13
9 13
73	0	-22.0	-7
10 1
6 3
11 4
2 5
8 7
12 11
9 13
84	0	-17.0	-10
5 1
8 2
4 3
11 4
2 5
8 7
12 8
4 11
6 12
9 13
79	0	-21.0	-8
8 1
6 3
11 4
2 5
8 7
12 8
4 11
9 13
108	-4	-11.0	-19
5 1
8 2
4 3
10 3
6 4
11 4
2 5
9 6
7 7
3 8
12 8
10 9
2 10
9 10
11 10
4 11
6 12
1 13
9 13
84	0	-17.0	-10
5 1
8 2
4 3
11 4
2 5
8 7
12 8
4 11
6 12
9 13
82	0	-19.0	-9
10 1
6 3
11 4
2 5
8 7
12 8
4 11
6 12
9 13
28	0	-26.0	-2
8 7
12 11
116	-9	-9.0	-25
1 1
5 1
8 2
4 3
10 3
6 4
11 4
2 5
9 6
5 7
7 7
3 8
12 8
10 9
2 10
5 10
9 10
11 10
4 11
5 11
6 12
10 12
13 12
1 13
9 13
68	0	-20.0	-7
10 3
11 4
2 5
8 7
12 8
4 11
6 12
123	-18	-8.0	-35
8 1
1 2
2 2
4 2
6 2
10 2
12 2
13 2
9 3
12 3
1 4
2 4
6 4
11 4
4 5
10 5
7 6
2 7
6 7
13 7
2 8
9 8
10 8
4 9
6 9
10 9
2 10
5 10
9 10
11 10
4 11
6 12
10 12
13 12
9 13
61	0	-24.0	-5
5 1
8 2
2 3
8 7
12 11
71	0	-17.0	-9
5 1
8 2
4 3
11 4
2 5
8 7
4 9
4 11
8 12
28	0	-26.0	-2
8 7
12 11
27	0	-24.0	-3
10 1
2 5
8 7
106	-4	-13.0	-17
5 1
8 2
4 3
10 3
6 4
11 4
2 5
3 5
9 6
7 7
3 8
12 8
9 10
11 10
4 11
6 12
9 13
104	-2	-13.0	-16
5 1
8 2
4 3
10 3
6 4
11 4
2 5
9 6
7 7
3 8
12 8
9 10
11 10
4 11
6 12
9 13
84	0	-20.0	-9
8 1
6 3
11 4
2 5
8 7
12 8
4 11
6 12
9 13
99	-2	-15.0	-14
5 1
8 2
4 3
10 3
6 4
11 4
2 5
9 6
7 7
3 8
12 8
4 11
6 12
9 13
114	-5	-8.0	-23
5 1
8 2
4 3
10 3
6 4
11 4
2 5
3 5
9 6
7 7
3 8
12 8
10 9
2 10
5 10
9 10
11 10
4 11
6 12
10 12
13 12
1 13
9 13
115	-6	-11.0	-23
5 1
8 2
12 2
6 3
1 4
11 4
4 5
5 6
9 6
6 7
13 7
3 8
4 9
6 9
10 9
2 10
9 10
11 10
13 10
1 11
4 11
6 12
9 13
79	0	-21.0	-8
8 1
6 3
11 4
2 5
8 7
12 8
4 11
9 13
124	-21	-16.0	-32
1 1
4 1
8 2
13 2
2 3
9 3
12 3
1 4
2 4
6 4
11 4
4 5
4 6
9 6
1 7
7 7
13 7
2 8
4 8
10 8
4 9
6 9
7 9
2 10
6 10
9 10
11 10
13 10
1 11
4 11
6 12
9 13
115	-6	-11.0	-23
5 1
8 2
12 2
6 3
1 4
11 4
4 5
5 6
9 6
6 7
13 7
3 8
4 9
6 9
10 9
2 10
9 10
11 10
13 10
1 11
4 11
6 12
9 13
108	-4	-13.0	-18
1 1
5 1
8 2
4 3
10 3
6 4
11 4
2 5
9 6
5 7
7 7
3 8
12 8
9 10
11 10
4 11
6 12
9 13
106	-2	-14.0	-17
5 1
13 1
8 2
4 3
10 3
6 4
11 4
2 5
9 6
7 7
3 8
12 8
9 10
11 10
4 11
6 12
9 13
84	0	-17.0	-10
5 1
8 2
4 3
11 4
2 5
8 7
12 8
4 11
6 12
9 13
122	-23	-12.0	-33
8 1
1 2
2 2
4 2
6 2
10 2
12 2
13 2
9 3
12 3
1 4
2 4
6 4
11 4
4 5
4 6
7 6
2 7
6 7
13 7
2 8
10 8
4 9
6 9
10 9
2 10
9 10
11 10
13 10
1 11
4 11
6 12
9 13
79	0	-18.0	-9
9 1
10 3
11 4
2 5
8 7
12 8
4 11
6 12
9 13
84	0	-17.0	-10
5 1
8 2
4 3
11 4
2 5
8 7
12 8
4 11
6 12
9 13
115	-9	-10.0	-24
5 1
8 2
2 3
1 4
6 4
11 4
3 5
4 5
10 5
7 7
13 7
3 8
5 8
12 8
3 9
10 9
1 10
2 10
9 10
11 10
4 11
6 12
1 13
9 13
73	0	-22.0	-7
10 1
6 3
11 4
2 5
8 7
12 11
9 13
84	0	-17.0	-10
5 1
10 3
11 4
2 5
8 7
3 8
12 8
4 11
6 12
9 13
28	0	-26.0	-2
8 7
12 11
79	0	-18.0	-9
8 2
4 3
11 4
2 5
8 7
12 8
4 11
6 12
9 13
84	0	-20.0	-9
8 1
6 3
11 4
2 5
8 7
12 8
4 11
6 12
9 13
85	-2	-23.0	-9
8 1
6 3
10 3
11 4
2 5
7 7
3 8
12 11
9 13
84	0	-17.0	-10
5 1
8 2
4 3
11 4
2 5
8 7
12 8
4 11
6 12
9 13
85	0	-15.0	-11
5 1
8 2
4 3
11 4
2 5
8 7
12 8
5 10
4 11
6 12
9 13
40	0	-25.0	-3
2 5
8 7
12 11
104	-2	-11.0	-18
10 1
6 2
13 2
2 3
5 3
8 4
11 4
4 5
10 5
8 7
12 8
3 10
9 10
11 10
4 11
6 12
1 13
9 13
84	0	-20.0	-9
8 1
6 3
11 4
2 5
8 7
12 8
4 11
6 12
9 13
75	0	-23.0	-7
8 1
6 3
11 4
2 5
8 7
12 11
9 13
99	-2	-15.0	-14
5 1
8 2
4 3
10 3
6 4
11 4
2 5
9 6
7 7
3 8
12 8
4 11
6 12
9 13
113	-6	-11.0	-22
5 1
8 2
12 2
6 3
1 4
11 4
4 5
9 6
6 7
13 7
3 8
4 9
6 9
10 9
2 10
9 10
11 10
13 10
1 11
4 11
6 12
9 13
116	-12	-7.0	-28
5 1
10 1
6 2
7 2
13 2
2 3
1 4
11 4
4 5
10 5
7 6
2 7
6 7
13 7
2 8
10 8
4 9
6 9
10 9
2 10
5 10
9 10
11 10
4 11
6 12
10 12
13 12
9 13
75	0	-23.0	-7
8 1
6 3
11 4
2 5
8 7
12 11
9 13
82	0	-19.0	-9
8 1
4 3
11 4
2 5
8 7
12 8
4 11
6 12
9 13
88	-2	-16.0	-12
5 1
5 3
10 3
11 4
2 5
8 7
3 8
12 8
4 11
6 12
13 12
9 13
123	-22	-16.0	-31
8 1
8 2
13 2
2 3
9 3
12 3
1 4
2 4
6 4
11 4
4 5
4 6
9 6
1 7
7 7
13 7
2 8
4 8
10 8
4 9
6 9
7 9
2 10
6 10
9 10
11 10
13 10
1 11
4 11
6 12
9 13
91	-2	-17.0	-12
4 3
10 3
6 4
11 4
2 5
9 6
7 7
3 8
12 8
4 11
6 12
9 13
116	-4	-12.0	-23
1 1
4 1
8 2
12 2
6 3
11 4
4 5
5 6
9 6
6 7
13 7
3 8
7 8
4 9
6 9
10 9
2 10
9 10
11 10
13 10
4 11
6 12
9 13
71	0	-17.0	-9
5 1
8 2
4 3
11 4
2 5
8 7
4 9
4 11
8 12
40	0	-24.0	-4
8 7
12 11
6 12
9 13
98	-5	-10.0	-18
5 1
8 2
6 3
11 4
2 5
4 5
9 6
3 8
7 8
4 9
6 9
10 9
2 10
9 10
11 10
4 11
6 12
9 13
84	0	-17.0	-10
5 1
8 2
4 3
11 4
2 5
8 7
12 8
4 11
6 12
9 13
75	0	-23.0	-7
8 1
6 3
11 4
2 5
8 7
12 11
9 13
84	0	-20.0	-9
8 1
6 3
11 4
2 5
8 7
12 8
4 11
6 12
9 13
30	0	-27.0	-2
5 1
12 11
84	0	-17.0	-10
10 1
4 3
11 4
2 5
8 7
12 8
3 10
4 11
6 12
9 13
108	-13	-6.0	-27
5 1
8 1
10 1
6 2
7 2
13 2
2 3
1 4
11 4
4 5
10 5
7 6
2 7
6 7
13 7
2 8
10 8
4 9
6 9
10 9
2 10
5 10
9 10
11 10
6 12
1 13
9 13
123	-18	-8.0	-35
8 1
1 2
2 2
4 2
6 2
10 2
12 2
13 2
9 3
12 3
1 4
2 4
6 4
11 4
4 5
10 5
7 6
2 7
6 7
13 7
2 8
9 8
10 8
4 9
6 9
10 9
2 10
5 10
9 10
11 10
4 11
6 12
10 12
13 12
9 13
102	-12	-8.0	-22
5 1
8 2
6 3
11 4
2 5
4 5
9 6
3 8
7 8
4 9
6 9
10 9
2 10
9 10
11 10
13 10
1 11
4 11
9 11
6 12
1 13
9 13
79	0	-21.0	-8
8 1
6 3
11 4
2 5
8 7
12 8
4 11
9 13
