15
15
10 1 1
12 1 5
14 1 5
1 2 2
4 2 1
5 2 5
7 2 0
4 3 5
8 3 5
9 3 0
12 3 0
1 4 2
3 4 0
4 4 5
12 4 1
13 4 5
14 4 2
5 5 5
10 5 0
11 5 5
14 5 0
1 6 5
5 6 5
6 6 5
8 6 3
9 6 5
10 6 5
3 7 2
6 7 5
14 7 5
3 8 0
6 8 5
10 8 1
13 8 0
2 9 1
10 9 5
13 9 5
6 10 0
7 10 1
8 10 5
10 10 0
11 10 1
15 10 5
2 11 5
5 11 5
6 11 5
11 11 5
2 12 5
3 12 1
4 12 5
12 12 5
13 12 2
15 12 5
4 13 1
7 13 0
8 13 1
12 13 5
9 14 0
11 14 5
12 14 1
15 14 2
2 15 1
4 15 1
6 15 0
161	-13	-9.0
1 1
11 1
13 1
3 2
11 2
13 2
1 3
5 3
10 3
14 3
8 4
15 4
1 5
6 5
12 5
3 6
7 6
13 6
2 7
5 7
8 7
9 7
8 8
4 9
11 9
2 10
4 11
8 11
13 11
11 12
3 13
13 13
15 13
6 14
7 14
14 14
1 15
5 15
10 15
160	-10	-8.0
1 1
11 1
13 1
3 2
13 2
1 3
5 3
10 3
14 3
8 4
15 4
1 5
6 5
8 5
12 5
3 6
7 6
13 6
2 7
5 7
8 7
9 7
8 8
4 9
11 9
2 10
8 11
13 11
6 12
11 12
3 13
13 13
7 14
14 14
1 15
5 15
10 15
160	-6	-9.0
1 1
11 1
13 1
3 2
13 2
1 3
5 3
10 3
14 3
8 4
15 4
1 5
6 5
12 5
3 6
7 6
13 6
2 7
5 7
9 7
9 8
4 9
11 9
2 10
4 11
8 11
13 11
11 12
3 13
13 13
7 14
14 14
1 15
5 15
10 15
159	-2	-10.0
1 1
11 1
13 1
3 2
13 2
1 3
5 3
10 3
14 3
8 4
15 4
1 5
6 5
12 5
3 6
7 6
13 6
2 7
5 7
9 7
8 8
4 9
11 9
2 10
8 11
13 11
11 12
3 13
13 13
7 14
14 14
1 15
5 15
10 15
159	-2	-10.0
1 1
11 1
13 1
3 2
13 2
1 3
5 3
10 3
14 3
8 4
15 4
1 5
6 5
12 5
3 6
7 6
13 6
2 7
5 7
9 7
8 8
4 9
11 9
2 10
8 11
13 11
11 12
3 13
13 13
7 14
14 14
1 15
5 15
10 15
160	-4	-10.0
1 1
11 1
13 1
3 2
13 2
1 3
5 3
10 3
14 3
8 4
15 4
1 5
6 5
12 5
3 6
7 6
13 6
2 7
5 7
9 7
8 8
4 9
11 9
2 10
3 10
8 11
13 11
11 12
3 13
13 13
7 14
14 14
1 15
5 15
10 15
159	-5	-8.0
1 1
11 1
13 1
3 2
13 2
1 3
5 3
10 3
14 3
8 4
15 4
1 5
6 5
12 5
3 6
7 6
13 6
2 7
5 7
8 7
9 7
9 8
4 9
11 9
2 10
8 11
13 11
11 12
3 13
13 13
2 14
14 14
1 15
5 15
10 15
159	-5	-8.0
1 1
11 1
13 1
3 2
13 2
1 3
5 3
10 3
14 3
8 4
15 4
1 5
6 5
12 5
3 6
7 6
13 6
2 7
5 7
8 7
9 7
9 8
4 9
11 9
2 10
8 11
13 11
11 12
3 13
13 13
2 14
14 14
1 15
5 15
10 15
159	-5	-8.0
1 1
11 1
13 1
3 2
13 2
1 3
5 3
10 3
14 3
8 4
15 4
1 5
6 5
12 5
3 6
7 6
13 6
2 7
5 7
8 7
9 7
9 8
4 9
11 9
2 10
8 11
13 11
11 12
3 13
13 13
2 14
14 14
1 15
5 15
10 15
159	-4	-9.0
1 1
11 1
13 1
3 2
13 2
1 3
5 3
10 3
14 3
8 4
15 4
1 5
6 5
12 5
3 6
7 6
13 6
2 7
5 7
9 7
9 8
4 9
11 9
2 10
8 11
13 11
11 12
3 13
13 13
2 14
14 14
1 15
5 15
10 15
159	-2	-10.0
1 1
11 1
13 1
3 2
13 2
1 3
5 3
10 3
14 3
8 4
15 4
1 5
6 5
12 5
3 6
7 6
13 6
2 7
5 7
9 7
8 8
4 9
11 9
2 10
8 11
13 11
11 12
3 13
13 13
7 14
14 14
1 15
5 15
10 15
161	-13	-9.0
1 1
5 1
11 1
13 1
3 2
13 2
1 3
5 3
10 3
14 3
8 4
15 4
1 5
6 5
12 5
3 6
7 6
13 6
2 7
5 7
8 7
9 7
8 8
4 9
11 9
2 10
4 11
8 11
13 11
11 12
3 13
13 13
15 13
6 14
7 14
14 14
1 15
5 15
10 15
161	-13	-9.0
1 1
11 1
13 1
3 2
11 2
13 2
1 3
5 3
10 3
14 3
8 4
15 4
1 5
6 5
12 5
3 6
7 6
13 6
2 7
5 7
8 7
9 7
8 8
4 9
11 9
2 10
4 11
8 11
13 11
11 12
3 13
13 13
15 13
6 14
7 14
14 14
1 15
5 15
10 15
160	-4	-10.0
1 1
11 1
13 1
3 2
13 2
1 3
5 3
10 3
14 3
8 4
15 4
1 5
6 5
12 5
3 6
7 6
13 6
2 7
5 7
9 7
8 8
4 9
11 9
2 10
3 10
8 11
13 11
11 12
3 13
13 13
7 14
14 14
1 15
5 15
10 15
159	-5	-8.0
1 1
11 1
13 1
3 2
13 2
1 3
5 3
10 3
14 3
8 4
15 4
1 5
6 5
12 5
3 6
7 6
13 6
2 7
5 7
8 7
9 7
9 8
4 9
11 9
2 10
8 11
13 11
11 12
3 13
13 13
2 14
14 14
1 15
5 15
10 15
160	-4	-10.0
1 1
11 1
13 1
3 2
13 2
1 3
5 3
10 3
14 3
8 4
15 4
1 5
6 5
12 5
3 6
7 6
13 6
2 7
5 7
9 7
8 8
4 9
11 9
2 10
3 10
8 11
13 11
11 12
3 13
13 13
7 14
14 14
1 15
5 15
10 15
161	-7	-10.0
1 1
11 1
13 1
3 2
13 2
1 3
5 3
10 3
14 3
8 4
15 4
1 5
6 5
12 5
3 6
7 6
13 6
2 7
5 7
8 7
9 7
8 8
4 9
11 9
2 10
4 11
8 11
13 11
11 12
3 13
6 13
13 13
7 14
14 14
1 15
5 15
10 15
160	-11	-7.0
1 1
11 1
13 1
3 2
13 2
1 3
5 3
10 3
14 3
8 4
15 4
1 5
6 5
8 5
12 5
3 6
7 6
13 6
1 7
2 7
5 7
8 7
1 8
9 8
4 9
11 9
2 10
3 10
8 11
13 11
11 12
3 13
13 13
7 14
14 14
1 15
5 15
10 15
