15
15
10 1 1
12 1 5
14 1 5
1 2 2
4 2 1
5 2 5
7 2 0
4 3 5
8 3 5
9 3 0
12 3 0
1 4 2
3 4 0
4 4 5
12 4 1
13 4 5
14 4 2
5 5 5
10 5 0
11 5 5
14 5 0
1 6 5
5 6 5
6 6 5
8 6 3
9 6 5
10 6 5
3 7 2
6 7 5
14 7 5
3 8 0
6 8 5
10 8 1
13 8 0
2 9 1
10 9 5
13 9 5
6 10 0
7 10 1
8 10 5
10 10 0
11 10 1
15 10 5
2 11 5
5 11 5
6 11 5
11 11 5
2 12 5
3 12 1
4 12 5
12 12 5
13 12 2
15 12 5
4 13 1
7 13 0
8 13 1
12 13 5
9 14 0
11 14 5
12 14 1
15 14 2
2 15 1
4 15 1
6 15 0
126	0	-22.0	-16
2 1
15 2
3 3
7 5
8 7
5 8
9 9
2 10
12 10
13 11
1 12
6 12
5 14
14 14
3 15
10 15
146	0	-12.0	-24
1 1
3 2
10 2
1 3
2 4
11 4
15 4
1 5
9 5
3 6
12 6
1 7
4 7
8 7
7 9
2 10
13 11
10 12
9 13
15 13
5 14
14 14
3 15
12 15
63	0	-20.0	-8
1 1
1 3
15 4
7 9
12 9
1 12
3 15
12 15
128	0	-15.0	-18
1 1
10 2
1 3
11 4
15 4
4 5
3 6
8 7
9 9
2 10
12 10
13 11
1 12
6 12
10 13
5 14
3 15
14 15
108	0	-16.0	-13
1 1
10 2
1 3
11 4
15 4
2 7
7 9
12 9
14 11
8 12
1 14
3 15
12 15
120	0	-19.0	-15
1 1
13 2
2 4
6 4
15 4
3 6
8 7
9 9
2 10
12 10
1 12
5 14
14 14
3 15
10 15
145	0	-11.0	-22
1 1
3 2
10 2
1 3
6 3
15 3
11 4
3 6
12 6
1 7
4 7
8 7
7 9
2 10
13 11
10 12
9 13
15 13
5 14
14 14
3 15
12 15
107	0	-21.0	-11
1 1
2 2
15 2
9 7
7 9
12 9
14 11
8 12
1 14
3 15
12 15
127	0	-18.0	-17
1 1
13 2
2 4
6 4
15 4
9 5
3 6
7 6
8 7
9 9
2 10
12 10
14 11
8 12
1 14
3 15
12 15
120	0	-19.0	-15
1 1
13 2
2 4
6 4
15 4
3 6
8 7
9 9
2 10
12 10
1 12
5 14
14 14
3 15
10 15
119	0	-12.0	-17
1 1
10 2
1 3
11 4
15 4
2 7
8 7
7 9
2 10
13 11
10 12
9 13
15 13
5 14
14 14
3 15
12 15
73	0	-21.0	-8
1 1
1 3
15 4
7 9
12 9
1 14
3 15
10 15
131	-5	-7.0	-24
1 1
3 2
10 2
1 3
6 3
15 3
11 4
3 6
7 6
1 7
4 7
8 7
9 8
2 10
13 11
6 12
8 12
10 12
14 12
5 13
15 13
14 14
3 15
12 15
95	-2	-13.0	-14
1 1
3 2
10 2
1 3
11 4
15 4
2 7
7 9
2 10
14 11
3 13
9 13
3 15
12 15
156	-20	-18.0	-34
1 1
3 2
10 2
1 3
6 3
15 3
11 4
6 5
15 5
3 6
7 6
13 6
14 6
2 7
9 7
1 8
12 8
8 9
3 10
4 10
5 10
12 10
13 10
4 11
7 11
12 11
1 12
10 12
9 13
15 13
3 14
5 14
14 14
12 15
152	-6	-10.0	-27
1 1
3 2
10 2
1 3
2 3
6 3
15 3
11 4
15 4
1 5
9 5
3 6
12 6
1 7
4 7
8 7
7 9
2 10
13 11
6 12
10 12
9 13
15 13
5 14
14 14
3 15
12 15
98	0	-21.0	-10
1 1
2 2
15 2
7 9
12 9
14 11
8 12
1 14
3 15
12 15
120	0	-19.0	-15
1 1
13 2
2 4
6 4
15 4
3 6
8 7
9 9
2 10
12 10
1 12
5 14
14 14
3 15
10 15
126	-4	-7.0	-22
1 1
3 2
10 2
1 3
11 4
15 4
1 5
3 6
7 6
1 7
4 7
8 7
9 8
2 10
13 11
6 12
8 12
14 12
5 14
14 14
3 15
12 15
144	-2	-9.0	-24
1 1
3 2
10 2
1 3
11 4
15 4
1 5
9 5
3 6
12 6
1 7
4 7
8 7
9 8
7 9
2 10
13 11
10 12
9 13
15 13
5 14
14 14
3 15
12 15
152	-6	-10.0	-27
1 1
3 2
10 2
1 3
2 3
6 3
15 3
11 4
15 4
1 5
9 5
3 6
12 6
1 7
4 7
8 7
7 9
2 10
13 11
6 12
10 12
9 13
15 13
5 14
14 14
3 15
12 15
109	-4	-10.0	-18
1 1
3 2
10 2
1 3
11 4
15 4
2 7
9 8
7 9
12 9
13 11
8 12
10 12
14 12
5 13
3 15
12 15
15 15
124	-2	-14.0	-17
1 1
3 2
10 2
1 3
11 4
15 4
12 6
1 7
4 7
8 7
9 8
7 9
12 9
5 14
14 14
3 15
10 15
146	0	-12.0	-24
1 1
3 2
10 2
1 3
2 4
11 4
15 4
1 5
9 5
3 6
12 6
1 7
4 7
8 7
7 9
2 10
13 11
10 12
9 13
15 13
5 14
14 14
3 15
12 15
145	-4	-9.0	-27
1 1
3 2
10 2
1 3
11 4
15 4
1 5
9 5
3 6
12 6
4 7
8 7
15 8
5 9
11 9
14 9
2 10
7 11
13 11
1 12
10 12
9 13
15 13
5 14
14 14
3 15
12 15
85	0	-16.0	-11
1 1
10 2
1 3
11 4
15 4
2 7
7 9
12 9
14 14
3 15
12 15
118	-2	-14.0	-16
1 1
3 2
10 2
1 3
11 4
15 4
4 5
2 7
7 9
12 9
14 11
8 12
1 14
14 14
3 15
12 15
124	-2	-14.0	-17
1 1
3 2
10 2
1 3
11 4
15 4
12 6
1 7
4 7
8 7
9 8
7 9
12 9
5 14
14 14
3 15
10 15
131	-5	-7.0	-24
1 1
3 2
10 2
1 3
6 3
15 3
11 4
3 6
7 6
1 7
4 7
8 7
9 8
2 10
13 11
6 12
8 12
10 12
14 12
5 13
15 13
14 14
3 15
12 15
148	0	-13.0	-24
1 1
10 2
1 3
6 3
2 4
11 4
15 4
1 5
9 5
3 6
12 6
1 7
4 7
8 7
7 9
2 10
13 11
10 12
9 13
15 13
5 14
14 14
3 15
12 15
148	0	-13.0	-24
1 1
10 2
1 3
6 3
2 4
11 4
15 4
1 5
9 5
3 6
12 6
1 7
4 7
8 7
7 9
2 10
13 11
10 12
9 13
15 13
5 14
14 14
3 15
12 15
98	0	-21.0	-10
1 1
2 2
15 2
7 9
12 9
14 11
8 12
1 14
3 15
12 15
124	0	-13.0	-18
1 1
3 2
10 2
1 3
11 4
15 4
4 5
2 7
7 9
12 9
13 11
10 12
9 13
15 13
5 14
14 14
3 15
12 15
107	0	-13.0	-16
1 1
3 2
10 2
1 3
11 4
15 4
3 6
8 7
9 9
2 10
12 10
4 11
1 12
5 13
3 15
12 15
79	0	-19.0	-9
1 1
1 3
15 4
7 9
14 11
8 12
1 14
3 15
12 15
113	-5	-9.0	-21
1 1
3 2
10 2
1 3
6 3
15 3
11 4
3 6
8 7
9 8
2 10
13 11
6 12
8 12
10 12
14 12
5 13
15 13
14 14
3 15
12 15
149	-2	-10.0	-25
1 1
3 2
10 2
1 3
6 3
15 3
11 4
15 4
1 5
9 5
3 6
12 6
1 7
4 7
8 7
7 9
2 10
13 11
10 12
9 13
15 13
5 14
14 14
3 15
12 15
131	-5	-7.0	-24
1 1
3 2
10 2
1 3
6 3
15 3
11 4
3 6
7 6
1 7
4 7
8 7
9 8
2 10
13 11
6 12
8 12
10 12
14 12
5 13
15 13
14 14
3 15
12 15
154	-13	-7.0	-33
1 1
13 1
3 2
10 2
1 3
2 3
5 3
6 3
15 3
11 4
15 4
1 5
9 5
3 6
12 6
1 7
4 7
8 7
9 8
15 8
5 9
11 9
14 9
2 10
13 11
8 12
10 12
14 12
5 13
15 13
5 14
3 15
12 15
102	0	-15.0	-13
1 1
3 2
10 2
1 3
11 4
15 4
2 7
7 9
14 11
8 12
1 14
3 15
12 15
84	0	-23.0	-8
1 1
15 2
2 7
7 9
12 9
1 14
3 15
10 15
95	0	-18.0	-11
1 1
10 2
1 3
11 4
15 4
2 7
7 9
12 9
1 14
3 15
10 15
124	0	-12.0	-19
1 1
3 2
10 2
1 3
6 3
15 3
11 4
3 6
8 7
7 9
2 10
13 11
10 12
9 13
15 13
5 14
14 14
3 15
12 15
120	0	-19.0	-15
1 1
13 2
2 4
6 4
15 4
3 6
8 7
9 9
2 10
12 10
1 12
5 14
14 14
3 15
10 15
146	0	-12.0	-24
1 1
3 2
10 2
1 3
2 4
11 4
15 4
1 5
9 5
3 6
12 6
1 7
4 7
8 7
7 9
2 10
13 11
10 12
9 13
15 13
5 14
14 14
3 15
12 15
131	-2	-18.0	-17
2 1
15 2
7 5
12 6
1 7
4 7
8 7
7 9
2 10
13 11
10 12
9 13
15 13
5 14
14 14
3 15
12 15
85	0	-19.0	-10
1 1
10 2
1 3
6 3
7 9
14 11
8 12
1 14
3 15
12 15
131	-2	-18.0	-17
2 1
15 2
7 5
12 6
1 7
4 7
8 7
7 9
2 10
13 11
10 12
9 13
15 13
5 14
14 14
3 15
12 15
117	0	-15.0	-15
1 1
3 2
10 2
1 3
11 4
15 4
4 5
2 7
7 9
9 11
14 11
8 12
1 14
3 15
12 15
153	-9	-10.0	-31
1 1
13 1
3 2
10 2
1 3
2 3
5 3
6 3
15 3
11 4
15 4
1 5
9 5
3 6
12 6
1 7
4 7
8 7
9 8
15 8
5 9
11 9
14 9
2 10
13 11
10 12
9 13
15 13
5 14
3 15
12 15
117	0	-15.0	-15
1 1
3 2
10 2
1 3
11 4
15 4
4 5
2 7
7 9
12 9
14 11
8 12
1 14
3 15
12 15
127	-5	-5.0	-24
1 1
3 2
10 2
1 3
11 4
15 4
1 5
3 6
7 6
1 7
4 7
8 7
9 8
2 10
13 11
6 12
8 12
10 12
14 12
5 13
15 13
14 14
3 15
12 15
149	-10	-6.0	-28
1 1
3 2
10 2
1 3
2 3
5 3
6 3
15 3
11 4
15 4
1 5
3 6
12 6
1 7
4 7
8 7
9 8
7 9
2 10
13 11
8 12
10 12
14 12
5 13
15 13
5 14
3 15
12 15
151	-4	-10.0	-26
1 1
3 2
10 2
1 3
2 3
6 3
15 3
11 4
15 4
1 5
9 5
3 6
12 6
1 7
4 7
8 7
7 9
2 10
13 11
10 12
9 13
15 13
5 14
14 14
3 15
12 15
127	-5	-5.0	-24
1 1
3 2
10 2
1 3
11 4
15 4
1 5
3 6
7 6
1 7
4 7
8 7
9 8
2 10
13 11
6 12
8 12
10 12
14 12
5 13
15 13
14 14
3 15
12 15
134	-4	-8.0	-23
1 1
3 2
10 2
1 3
6 3
15 3
11 4
3 6
7 6
1 7
4 7
8 7
9 8
2 10
13 11
8 12
10 12
14 12
5 13
15 13
5 14
3 15
12 15
95	0	-13.0	-15
1 1
3 2
10 2
1 3
11 4
15 4
2 7
7 9
12 9
2 10
15 11
15 13
14 14
3 15
12 15
63	0	-20.0	-8
1 1
1 3
15 4
7 9
12 9
1 12
3 15
12 15
149	-8	-8.0	-27
1 1
3 2
10 2
1 3
2 3
5 3
6 3
15 3
11 4
15 4
1 5
3 6
12 6
1 7
4 7
8 7
9 8
7 9
2 10
13 11
10 12
9 13
15 13
5 14
14 14
3 15
12 15
130	0	-14.0	-19
1 1
3 2
10 2
1 3
11 4
15 4
4 5
3 6
8 7
9 9
2 10
12 10
13 11
1 12
6 12
10 13
5 14
3 15
14 15
95	-2	-13.0	-14
1 1
3 2
10 2
1 3
11 4
15 4
2 7
7 9
2 10
14 11
3 13
9 13
3 15
12 15
122	0	-16.0	-16
1 1
3 2
10 2
2 4
6 4
15 4
3 6
8 7
9 9
2 10
12 10
14 11
8 12
1 14
3 15
12 15
131	-5	-7.0	-24
1 1
3 2
10 2
1 3
6 3
15 3
11 4
3 6
7 6
1 7
4 7
8 7
9 8
2 10
13 11
6 12
8 12
10 12
14 12
5 13
15 13
14 14
3 15
12 15
151	-4	-10.0	-26
1 1
3 2
10 2
1 3
2 3
6 3
15 3
11 4
15 4
1 5
9 5
3 6
12 6
1 7
4 7
8 7
7 9
2 10
13 11
10 12
9 13
15 13
5 14
14 14
3 15
12 15
123	0	-21.0	-15
2 1
15 2
7 5
8 7
5 8
9 9
2 10
12 10
13 11
1 12
6 12
5 14
14 14
3 15
10 15
102	0	-17.0	-12
1 1
1 3
11 4
15 4
4 5
2 7
7 9
14 11
8 12
1 14
3 15
12 15
123	0	-21.0	-15
2 1
15 2
7 5
8 7
5 8
9 9
2 10
12 10
13 11
1 12
6 12
5 14
14 14
3 15
10 15
119	0	-22.0	-14
2 1
15 2
7 5
8 7
5 8
9 9
2 10
12 10
13 11
1 12
6 12
5 14
3 15
14 15
51	0	-23.0	-6
1 1
1 3
15 4
7 9
12 9
1 12
154	-13	-7.0	-33
1 1
13 1
3 2
10 2
1 3
2 3
5 3
6 3
15 3
11 4
15 4
1 5
9 5
3 6
12 6
1 7
4 7
8 7
9 8
15 8
5 9
11 9
14 9
2 10
13 11
8 12
10 12
14 12
5 13
15 13
5 14
3 15
12 15
148	0	-13.0	-24
1 1
10 2
1 3
6 3
2 4
11 4
15 4
1 5
9 5
3 6
12 6
1 7
4 7
8 7
7 9
2 10
13 11
10 12
9 13
15 13
5 14
14 14
3 15
12 15
117	0	-14.0	-16
1 1
3 2
10 2
1 3
11 4
15 4
3 6
8 7
9 9
2 10
12 10
1 12
5 14
14 14
3 15
10 15
134	-4	-9.0	-22
1 1
3 2
10 2
1 3
11 4
15 4
3 6
12 6
1 7
4 7
8 7
9 8
15 8
7 9
2 10
13 11
6 12
14 12
5 14
14 14
3 15
12 15
108	0	-16.0	-13
1 1
10 2
1 3
11 4
15 4
2 7
7 9
12 9
14 11
8 12
1 14
3 15
12 15
143	0	-16.0	-21
1 1
13 2
2 4
6 4
15 4
9 5
3 6
12 6
1 7
4 7
8 7
7 9
2 10
13 11
10 12
9 13
15 13
5 14
14 14
3 15
12 15
133	-2	-8.0	-22
1 1
3 2
10 2
1 3
11 4
15 4
1 5
3 6
7 6
1 7
4 7
8 7
7 9
2 10
13 11
10 12
9 13
15 13
5 14
14 14
3 15
12 15
126	-4	-7.0	-22
1 1
3 2
10 2
1 3
11 4
15 4
1 5
3 6
7 6
1 7
4 7
8 7
9 8
2 10
13 11
6 12
8 12
14 12
5 14
14 14
3 15
12 15
101	0	-16.0	-12
1 1
10 2
1 3
11 4
15 4
2 7
7 9
14 11
8 12
1 14
3 15
12 15
151	-13	-6.0	-32
1 1
13 1
3 2
10 2
1 3
2 3
5 3
6 3
15 3
11 4
15 4
1 5
3 6
12 6
1 7
4 7
8 7
9 8
15 8
5 9
11 9
14 9
2 10
13 11
8 12
10 12
14 12
5 13
15 13
5 14
3 15
12 15
146	0	-12.0	-24
1 1
3 2
10 2
1 3
2 4
11 4
15 4
1 5
9 5
3 6
12 6
1 7
4 7
8 7
7 9
2 10
13 11
10 12
9 13
15 13
5 14
14 14
3 15
12 15
79	0	-19.0	-9
1 1
1 3
15 4
7 9
14 11
8 12
1 14
3 15
12 15
127	-5	-5.0	-24
1 1
3 2
10 2
1 3
11 4
15 4
1 5
3 6
7 6
1 7
4 7
8 7
9 8
2 10
13 11
6 12
8 12
10 12
14 12
5 13
15 13
14 14
3 15
12 15
108	0	-19.0	-12
1 1
13 2
11 4
15 4
4 5
2 7
7 9
14 11
8 12
1 14
3 15
12 15
146	0	-12.0	-24
1 1
3 2
10 2
1 3
2 4
11 4
15 4
1 5
9 5
3 6
12 6
1 7
4 7
8 7
7 9
2 10
13 11
10 12
9 13
15 13
5 14
14 14
3 15
12 15
136	0	-13.0	-20
1 1
1 3
6 3
15 3
11 4
3 6
12 6
1 7
4 7
8 7
7 9
2 10
13 11
10 12
9 13
15 13
5 14
14 14
3 15
12 15
131	-2	-18.0	-17
2 1
15 2
7 5
12 6
1 7
4 7
8 7
7 9
2 10
13 11
10 12
9 13
15 13
5 14
14 14
3 15
12 15
146	0	-12.0	-24
1 1
3 2
10 2
1 3
2 4
11 4
15 4
1 5
9 5
3 6
12 6
1 7
4 7
8 7
7 9
2 10
13 11
10 12
9 13
15 13
5 14
14 14
3 15
12 15
50	0	-25.0	-5
1 1
10 2
7 9
14 9
8 14
120	0	-19.0	-15
1 1
13 2
2 4
6 4
15 4
3 6
8 7
9 9
2 10
12 10
1 12
5 14
14 14
3 15
10 15
85	0	-19.0	-10
1 1
10 2
1 3
6 3
7 9
14 11
8 12
1 14
3 15
12 15
126	0	-22.0	-16
2 1
15 2
3 3
7 5
8 7
5 8
9 9
2 10
12 10
13 11
1 12
6 12
5 14
14 14
3 15
10 15
149	-10	-6.0	-28
1 1
3 2
10 2
1 3
2 3
5 3
6 3
15 3
11 4
15 4
1 5
3 6
12 6
1 7
4 7
8 7
9 8
7 9
2 10
13 11
8 12
10 12
14 12
5 13
15 13
5 14
3 15
12 15
120	0	-19.0	-15
1 1
13 2
2 4
6 4
15 4
3 6
8 7
9 9
2 10
12 10
1 12
5 14
14 14
3 15
10 15
115	0	-19.0	-13
1 1
13 2
11 4
15 4
4 5
2 7
7 9
12 9
14 11
8 12
1 14
3 15
12 15
131	-7	-5.0	-25
1 1
3 2
10 2
1 3
11 4
15 4
1 5
3 6
7 6
1 7
4 7
8 7
9 8
2 10
13 11
6 12
8 12
10 12
14 12
5 13
15 13
5 14
14 14
3 15
12 15
109	-5	-9.0	-20
1 1
3 2
10 2
1 3
11 4
15 4
4 5
2 7
9 8
2 10
13 11
6 12
8 12
10 12
14 12
5 13
15 13
14 14
3 15
12 15
123	0	-21.0	-15
2 1
15 2
7 5
8 7
5 8
9 9
2 10
12 10
13 11
1 12
6 12
5 14
14 14
3 15
10 15
131	-2	-18.0	-17
2 1
15 2
7 5
12 6
1 7
4 7
8 7
7 9
2 10
13 11
10 12
9 13
15 13
5 14
14 14
3 15
12 15
65	-3	-26.0	-7
2 1
15 2
15 4
15 6
7 9
12 9
1 12
116	-2	-18.0	-14
1 1
13 2
11 4
15 4
4 5
2 7
7 9
12 9
14 11
8 12
1 14
14 14
3 15
12 15
120	0	-19.0	-15
1 1
13 2
2 4
6 4
15 4
3 6
8 7
9 9
2 10
12 10
1 12
5 14
14 14
3 15
10 15
114	0	-15.0	-14
1 1
10 2
1 3
11 4
15 4
2 7
8 7
7 9
12 9
14 11
8 12
1 14
3 15
12 15
127	-2	-12.0	-19
1 1
3 2
10 2
1 3
11 4
15 4
4 5
2 7
7 9
2 10
13 11
10 12
9 13
15 13
1 14
5 14
14 14
3 15
12 15
132	0	-10.0	-20
1 1
3 2
10 2
1 3
11 4
15 4
1 7
4 7
8 7
7 9
11 9
2 10
13 11
10 12
9 13
15 13
5 14
14 14
3 15
12 15
111	0	-17.0	-13
1 1
10 2
1 3
11 4
15 4
2 7
7 9
12 9
14 11
8 12
1 14
3 15
10 15
149	-2	-10.0	-25
1 1
3 2
10 2
1 3
6 3
15 3
11 4
15 4
1 5
9 5
3 6
12 6
1 7
4 7
8 7
7 9
2 10
13 11
10 12
9 13
15 13
5 14
14 14
3 15
12 15
155	-9	-9.0	-32
1 1
13 1
3 2
10 2
1 3
2 3
5 3
6 3
15 3
11 4
15 4
1 5
9 5
3 6
12 6
4 7
8 7
15 8
5 9
11 9
14 9
2 10
7 11
13 11
1 12
10 12
9 13
15 13
5 14
14 14
3 15
12 15
154	-13	-7.0	-33
1 1
13 1
3 2
10 2
1 3
2 3
5 3
6 3
15 3
11 4
15 4
1 5
9 5
3 6
12 6
1 7
4 7
8 7
9 8
15 8
5 9
11 9
14 9
2 10
13 11
8 12
10 12
14 12
5 13
15 13
5 14
3 15
12 15
150	-9	-9.0	-30
1 1
13 1
3 2
10 2
1 3
2 3
5 3
6 3
15 3
11 4
15 4
1 5
3 6
12 6
1 7
4 7
8 7
9 8
15 8
5 9
11 9
14 9
2 10
13 11
10 12
9 13
15 13
5 14
3 15
12 15
