6
6
5 1 2
6 1 5
1 3 5
5 4 1
1 5 0
5 5 5
4 6 1
24	0	0
4 1
5 2
6 4
3 5
5 6
24	0	0
4 1
5 2
6 4
3 5
5 6
24	0	0
4 1
5 2
6 4
3 5
5 6
24	0	0
4 1
5 2
6 4
3 5
5 6
24	0	0
4 1
5 2
6 4
3 5
5 6
24	0	0
4 1
5 2
6 4
3 5
5 6
24	0	0
4 1
5 2
6 4
3 5
5 6
24	0	0
4 1
5 2
6 4
3 5
5 6
24	0	0
4 1
5 2
6 4
3 5
5 6
24	0	0
4 1
5 2
6 4
3 5
5 6
24	0	0
4 1
5 2
6 4
3 5
5 6
24	0	0
4 1
5 2
6 4
3 5
5 6
24	0	0
4 1
5 2
6 4
3 5
5 6
24	0	0
4 1
5 2
6 4
3 5
5 6
24	0	0
4 1
5 2
6 4
3 5
5 6
24	0	0
4 1
5 2
6 4
3 5
5 6
24	0	0
4 1
5 2
6 4
3 5
5 6
24	0	0
4 1
5 2
6 4
3 5
5 6
24	0	0
4 1
5 2
6 4
3 5
5 6
24	0	0
4 1
5 2
6 4
3 5
5 6
24	0	0
4 1
5 2
6 4
3 5
5 6
24	0	0
4 1
5 2
6 4
3 5
5 6
24	0	0
4 1
5 2
6 4
3 5
5 6
24	0	0
4 1
5 2
6 4
3 5
5 6
24	0	0
4 1
5 2
6 4
3 5
5 6
24	0	0
4 1
5 2
6 4
3 5
5 6
29	0	-2.0
4 1
5 2
3 4
6 4
2 5
1 6
5 6
29	-2	0
4 1
5 2
4 3
3 4
6 4
2 6
5 6
29	-2	0
4 1
5 2
4 3
3 4
6 4
2 6
5 6
29	0	-2.0
4 1
5 2
3 4
6 4
2 5
1 6
5 6
29	0	-2.0
4 1
5 2
3 4
6 4
2 5
1 6
5 6
29	-2	0
4 1
5 2
4 3
3 4
6 4
2 6
5 6
29	0	-2.0
4 1
5 2
3 4
6 4
2 5
1 6
5 6
29	0	-2.0
4 1
5 2
3 4
6 4
2 5
1 6
5 6
29	0	-2.0
4 1
5 2
3 4
6 4
2 5
1 6
5 6
29	-2	0
4 1
5 2
4 3
3 4
6 4
2 6
5 6
29	0	-2.0
4 1
5 2
3 4
6 4
2 5
1 6
5 6
29	0	-2.0
4 1
5 2
3 4
6 4
2 5
1 6
5 6
29	-2	0
4 1
5 2
4 3
3 4
6 4
2 6
5 6
29	0	-2.0
4 1
5 2
3 4
6 4
2 5
1 6
5 6
29	-2	0
4 1
5 2
4 3
3 4
6 4
2 6
5 6
29	-2	0
4 1
5 2
4 3
3 4
6 4
2 6
5 6
29	-2	0
4 1
5 2
4 3
3 4
6 4
2 6
5 6
29	0	-2.0
4 1
5 2
3 4
6 4
2 5
1 6
5 6
29	0	-2.0
4 1
5 2
3 4
6 4
2 5
1 6
5 6
29	0	-2.0
4 1
5 2
3 4
6 4
2 5
1 6
5 6
29	0	-2.0
4 1
5 2
3 4
6 4
2 5
1 6
5 6
29	0	-2.0
4 1
5 2
3 4
6 4
2 5
1 6
5 6
29	-2	0
4 1
5 2
4 3
3 4
6 4
2 6
5 6
29	-2	0
4 1
5 2
4 3
3 4
6 4
2 6
5 6
29	-2	0
4 1
5 2
4 3
3 4
6 4
2 6
5 6
29	0	-2.0
4 1
5 2
3 4
6 4
2 5
1 6
5 6
29	0	-2.0
4 1
5 2
3 4
6 4
2 5
1 6
5 6
29	0	-2.0
4 1
5 2
3 4
6 4
2 5
1 6
5 6
29	0	-2.0
4 1
5 2
3 4
6 4
2 5
1 6
5 6
29	0	-2.0
4 1
5 2
3 4
6 4
2 5
1 6
5 6
29	0	-2.0
4 1
5 2
3 4
6 4
2 5
1 6
5 6
24	0	0
4 1
5 2
6 4
3 5
5 6
24	0	0
4 1
5 2
6 4
3 5
5 6
24	0	0
4 1
5 2
6 4
3 5
5 6
24	0	0
4 1
5 2
6 4
3 5
5 6
24	0	0
4 1
5 2
6 4
3 5
5 6
24	0	0
4 1
5 2
6 4
3 5
5 6
24	0	0
4 1
5 2
6 4
3 5
5 6
24	0	0
4 1
5 2
6 4
3 5
5 6
24	0	0
4 1
5 2
6 4
3 5
5 6
24	0	0
4 1
5 2
6 4
3 5
5 6
24	0	0
4 1
5 2
6 4
3 5
5 6
24	0	0
4 1
5 2
6 4
3 5
5 6
24	0	0
4 1
5 2
6 4
3 5
5 6
24	0	0
4 1
5 2
6 4
3 5
5 6
24	0	0
4 1
5 2
6 4
3 5
5 6
24	0	0
4 1
5 2
6 4
3 5
5 6
24	0	0
4 1
5 2
6 4
3 5
5 6
24	0	0
4 1
5 2
6 4
3 5
5 6
24	0	0
4 1
5 2
6 4
3 5
5 6
24	0	0
4 1
5 2
6 4
3 5
5 6
24	0	0
4 1
5 2
6 4
3 5
5 6
24	0	0
4 1
5 2
6 4
3 5
5 6
24	0	0
4 1
5 2
6 4
3 5
5 6
24	0	0
4 1
5 2
6 4
3 5
5 6
24	0	0
4 1
5 2
6 4
3 5
5 6
24	0	0
4 1
5 2
6 4
3 5
5 6
24	0	0
4 1
5 2
6 4
3 5
5 6
24	0	0
4 1
5 2
6 4
3 5
5 6
29	0	0
4 1
5 2
3 4
6 4
2 6
5 6
24	0	0
4 1
5 2
6 4
3 5
5 6
24	0	0
4 1
5 2
6 4
3 5
5 6
24	0	0
4 1
5 2
6 4
3 5
5 6
29	0	0
4 1
5 2
3 4
6 4
2 6
5 6
24	0	0
4 1
5 2
6 4
3 5
5 6
24	0	0
4 1
5 2
6 4
3 5
5 6
24	0	0
4 1
5 2
6 4
3 5
5 6
24	0	0
4 1
5 2
6 4
3 5
5 6
24	0	0
4 1
5 2
6 4
3 5
5 6
24	0	0
4 1
5 2
6 4
3 5
5 6
24	0	0
4 1
5 2
6 4
3 5
5 6
24	0	0
4 1
5 2
6 4
3 5
5 6
24	0	0
4 1
5 2
6 4
3 5
5 6
24	0	0
4 1
5 2
6 4
3 5
5 6
24	0	0
4 1
5 2
6 4
3 5
5 6
24	0	0
4 1
5 2
6 4
3 5
5 6
24	0	0
4 1
5 2
6 4
3 5
5 6
24	0	0
4 1
5 2
6 4
3 5
5 6
